965
23115571
23100
2600
21000
324000
105840
161280
67893369
83
54000
4896
34560
105000
5767201
17550
9
7500
6037
127
216000
233280
14688
6541551
24750
27456
3900
43680
47520
12800
2097152
97200
9408
459270
11264
215040
141120
926315427
5520
37800
225792
4160
938017885
38497
7560
11232
90720
145800
33600
7776
8826131
27720
375000
12672
964532929
144000
311040
904152917
8640
17920
31104
116640
665
3584
112
2000
80
967669583
340200
41600
42105
954158175
118263990
1701
20
697106497
29
16320
5760
6400
10
2430
8320
922505446
816
25200
306180
125
99
96000
5
957262828
9216
204120
57600
59136
31500
84579
33401221
86016
17640
4752
518400
1600
782
22176
38
468
7680
34944
194400
1671
2592
214573
14700
15
969
67200
79
55
10080
58320
448
252000
209952
473
442368
15680
65
67
51840
43200
192000
66150
362
519
12240
200000
640
35100
48238
162000
115
4050
107
1520
26
641
43
4000
26460
84
14112
74
124
13056
257
174960
5600
113
13860
441
7390
50688
126
1836
4680
4488
84240
151200
20592
3024
30973
633
132000
6840
95256
5044
89600
48000
35640
405
84480
21840
29160
32
15120
180
4675
38016
72900
18432
78750
971866761
142884
2730
8087519
56700
23040
5376
63504
9827
170
181440
3120
552960
114688
53940
64800
47040
67584
2520
236250
81648
3645
11340
64
1500
987
63
14560
172032
12150
405000
16224
15390
31200
2376
12096
127008
23232
31590
64152
110250
128000
8015864
673921
28080
983900459
76032
37440
6720
1260
5616
52800
18720
8347
9240
16464
96768
9100
121
54432
432255
4200
360000
6480
32768
4943
792
23328
1000000
655360
90
30720
12960
186624
112896
48600
176400
15400
989447237
44800
4800
2340
92
5940
9000
24480
63000
3168
3360
92400
22464
131980
4608
35
3456
1
1048576
981028563
70000
49280
3264
12544
2400
44
36864
107520
79548
34848
2688
21384
9504
10710
76
60000
33750
4158
476014
700
58054077
78000
8316
138240
29952
2200
805306368
11
83160
8208
153600
32076
27
30240
61440
70
13824
23
999999937
20160
56160
10260
13680
6552
5120
1530
653477439
49896
224
480000
60480
198450
33696
42120
21168
72
5601
64922375
4914
216
504
51
70200
133650
430080
134400
118800
810
1741
10560
11085765
998244353
3864
92317161
25490988
696
11664
18480
4725
8550
136080
46464
1584
2403381
111
28672
2720
13230
40320
63180
5250
13122
46
625433749
28000
13500
50400
13440
32640
45360
13
7200
41472
660
226151256
5200
2906162
108864
20000
64512
54
524880
123480
331776
21
139968
118
302400
9600
270000
103
18240
7785
630
393660
12768
9900
294912
9489
84000
103680
8960
2160
105
135
2736
85881
17424
36283838
14
163296
6765
420
457481
102060
19800
79200
1824
58800
160
95040
16800
62
24192
240000
226800
119
16128
5400
2352
20328
101250
104
3157819
92160
5184
16
29484
122877509
646
395
7897861
1056
22950
1680
104976
221184
91857
120
25920
56
460800
396
510205
40960
23760
44928
16524
132300
52
76800
32805
259200
86
38400
244944
56448
248832
66528
53
268800
391
14400
17136
115248
50
768
30030
17
87
69120
6
49920
69
7025
336000
27000
22680
1386
24696
94
131
25002
18
35503
30
115200
19656
281250
19200
688978813
129024
4374
281
42768
786432
28512
71
20480
65610
307200
17280
245760
4032
80640
4560
1632
98
29400
900360029
74088
196608
150000
94500
32670
949106497
75
51030
466560
21870
40
5808
21600
288000
536870912
89
34020
5297
7920
32000
40950
211680
14256
34300
3375
10752
147456
15750
2940
98415
8748
155520
34
1944
39600
2250
28
168960
61740
8660
101
12000
1000000000
912
57344
787320
29700
3960
301056
272160
81920
95
57024
109
300000
72000
540
165888
172800
112000
414720
33
3000
32400
2880
7392
7128
77
1323
126720
66
24000
33108
91
474
110
50000
135000
129
15840
77760
501
4410
2560
45
50544
7056
15288
48510
1440
546
9425
994617
128
4
322081025
179200
105600
88704
94770
96228
583200
725573
63360
576
61966
12288
587234
8250
99840
22500
21504
4620
106
14336
6399199
122880
22
49152
346742385
2618049
120000
323
1512
23400
2
52920
4539685
4733
34111
52488
6075
1890
31680
10800
517759
6804
589824
262440
42336
5721
88
900
2310
131220
986129769
7290
567
409342369
4320
18000
10000
3564
164640
3528
124416
93
6300
125440
108000
116
1960
15876
256000
408240
486000
559
276480
9800
4655
999999998
1848
8
49392
142560
7455307
361
7
102
3240
7040
59400
813
184320
362880
1001604
2156
364500
81000
64680
35280
85712697
6930
1615
81
3072
42755209
14040
70235461
18816
47958485
62208
48384
2304
8448
60
524288
11000
129600
65536
54600
17820
1215
5000
3696
48
279936
163840
108
5073
9409159
672
322560
40824
82268566
193536
8000
180000
934
230400
201600
12348
80949857
70400
23814
85536
5304
1904
94080
96
150528
4536
33792
85
1620
97
10240
999999999
388800
20736
8624
864
5625
7938
21952
12870
59
2640
182250
7389
169344
8100
47628
432000
1817
1800
170100
4480
8772
8372259
4788
3
621008
24300
491520
71805
68040
55296
100800
10500
8976
9180
3509575
100696425
28800
67500
1728
368640
16380
46080
58
1001
57
31
288
15552
157464
8400
2070
24
25
5280
3888
961175759
282791
243000
24576
45000
207360
42
746803744
916855204
6000
27216
1920
123
32256
241920
117
11016
69984
9450
194241
68
36
1764
75264
78
235200
75600
5346
70560
145152
49000
53760
4312
2016
73
29120
49500
3600
74880
99000
27184698
98304
546750
57624
93312
3312
19440
86400
49
87480
314928
217728
373248
482421315
5657
47473
39936
29250
2431
37
291600
26880
71280
202500
327680
7296
1100
1008
85050
10368
189
41580
2025
2100
2707
3780
193
300
8424
8064
47
393216
589833267
72576
2268
1134
21383
19008
16000
44550
3510
6750
5824
345600
43740
73728
192
622080
472392
998506315
69888
31752
89100
1249
5040
614400
168000
122
22848
699840
16200
4173641
118272
25600
3371
349920
110592
42000
54880
38880
4704
82944
