95
4766 385349 3
3127 909969 3
9046 160519 7
121 132 1
999 99999 78788
8135 346033 4
1363 123520 8
2965 769993 4
852 514597 2
6673 645665 9
5992 237133 9
400 793131 4
10 22322 2
8229 384684 2
2519 171840 3
8621 305784 1
2433 588437 7
1616 875376 6
22322 22322 1
100000 1000000000000000000 3
5649 246089 1
121 121 11
7998 968182 1
332 539995 7
646 753992 3
1000000000 1000000000000000000 1
3207 523325 2
258 978067 6
7597 115191 5
21345 4441283 13
9597 30751 2
2035 587687 6
2228 961000 6
9523 81976 5
9325 343906 8
2789 205886 5
490 499674 1
5272 393026 2
4131 988357 1
8892 186601 5
2791 674701 5
1209 371972 7
0 100 2
5811 811662 1
8764 690922 4
121 131 1
3825 934105 6
4017 755925 4
0 1000000000000000000 1000000000
9929 160753 4
3568 887100 8
39 1000000 3
3376 156586 6
34432 9999920 222
2851 217912 4
4401 792858 5
1516 476245 5
5303 577653 4
3748 207521 4
2590 45700 5
1396 974496 5
7977 626769 9
6153 882984 8
1329 665400 3
3286 977701 4
5759 165757 6
2675 641763 3
5579 763362 2
9352 507517 9
573 319349 5
9286 976503 2
1813 539974 3
9628 221919 9
701 837097 8
7243 39232 6
2871 611476 1
0 1000000000000000000 1
0 132 1
9151 163110 6
4945 279540 7
981 265444 4
3725 832955 1
5630 555906 6
6311 744038 5
8989 909410 5
1002 914907 8
8984 321196 7
3976 759716 7
3491 376189 1
1712 931656 3
2428 914457 2
1033 109791 2
1405 52064 3
886 56750 8
6916 519450 6
