100
121 132 1
2228 961000 6
5303 577653 4
5759 165757 6
573 319349 5
8989 909410 5
1405 52064 3
22322 22322 1
1056 45030 4
2675 641763 3
332 539995 7
1209 371972 7
8429 327368 2
39 1000000 3
9352 507517 9
5272 393026 2
4827 379304 8
7243 39232 6
3748 207521 4
4945 279540 7
34432 9999920 222
1002 914907 8
3207 523325 2
10 22322 2
490 499674 1
9286 976503 2
121 121 11
4131 988357 1
1616 875376 6
100000 1000000000000000000 3
0 1000000000000000000 1000000000
8229 384684 2
6153 882984 8
9628 221919 9
8621 305784 1
1813 539974 3
2789 205886 5
1033 109791 2
852 514597 2
3127 909969 3
9046 160519 7
9325 343906 8
4401 792858 5
3825 934105 6
9151 163110 6
400 793131 4
8135 346033 4
0 100 2
2433 588437 7
3568 887100 8
121 131 1
886 56750 8
8984 321196 7
1329 665400 3
1396 974496 5
1000000000 1000000000000000000 1
999 99999 78788
5811 811662 1
21345 4441283 13
5649 246089 1
4766 385349 3
7597 115191 5
2791 674701 5
9929 160753 4
3491 376189 1
1712 931656 3
2035 587687 6
5992 237133 9
9597 30751 2
2519 171840 3
2590 45700 5
2851 217912 4
6673 645665 9
5630 555906 6
7998 968182 1
8764 690922 4
646 753992 3
9523 81976 5
3725 832955 1
5579 763362 2
1363 123520 8
0 1000000000000000000 1
0 132 1
701 837097 8
6311 744038 5
7668 468727 8
4609 64949 8
7977 626769 9
1516 476245 5
3976 759716 7
6916 519450 6
3286 977701 4
8892 186601 5
2871 611476 1
981 265444 4
258 978067 6
4017 755925 4
2428 914457 2
3376 156586 6
2965 769993 4
