500
4 100 2 31
142421367 2 48241495 1
100 4 2 3
999999999 4 37069733 2
100 492122489 3 2
2 2 1 1
900930753 3 3 1
3 4 1 1
1000000000 2 592728920 1
1000000000 100 999999999 2
1000000000 3 999999999 2
3 1000000000 1 999999999
1000000000 100 1 2
100 999999999 72 3
100 999999999 3 607160337
999999999 100 3 2
100 999999999 1 913663288
3 4 1 3
999999999 100 999999998 3
999999999 999999999 999999998 1
2 4 1 3
586838884 999999999 2 2
100 4 99 1
3 4 2 1
351511977 1000000000 3 1
126406469 999999999 3 3
2 3 1 2
159636198 2 132750702 1
4 911940777 2 39960172
1000000000 4 998306795 2
1000000000 3 2 2
100 1000000000 2 1
100 3 2 2
100 100 3 1
4 100 1 99
100 100 3 99
4 4 2 3
4 3 2 2
100 999999999 1 3
100 4 84 3
100 999999999 57 187975571
4 100 3 2
999999999 999999999 470395372 2
3 387806766 2 3
515006471 3 3 2
1000000000 999999999 3 999999998
1000000000 3 2 1
904027769 100 278679397 3
1000000000 4 1 3
999999999 3 3 2
1000000000 2 999999999 1
914040527 100 1 2
1000000000 1000000000 1 4469475
1000000000 1000000000 3 2
2 999999999 1 999999998
100 470997877 1 2
1000000000 84082569 375561153 2
999999999 3 999999998 2
100 2 22 1
1000000000 4 2 3
100 3 99 1
100 3 3 2
1000000000 748176992 2 3
999999999 4 2 1
100 999999999 1 999999998
66434218 3 2 2
999999999 1000000000 999999998 3
4 1000000000 1 2
999999999 100 2 1
999999999 100 1 2
100 1000000000 1 2
3 3 2 1
3 4 2 3
100 305987626 2 48247012
100 999999999 1 1
4 100 2 71
100 999999999 99 1
201238540 100 49757290 14
4 100 3 99
100 1000000000 3 1
100 3 98 2
999999999 100 999999998 2
402854259 831040336 3 3
100 999999999 5 3
2 1000000000 1 1
1000000000 999999999 3 2
499812538 999999999 1 1
1000000000 1000000000 990110168 2
803061495 4 3 3
999999999 999999999 1 3
4 999999999 3 3
569981406 4 2 2
999999999 3 1 2
999999999 4 3 2
1000000000 100 3 2
1000000000 2 1 1
4 1000000000 2 3
2 243229745 1 59406209
1000000000 1000000000 3 1
100 100 2 3
1000000000 760355100 2 1
809198703 3 2 1
100 4 1 2
999999999 999999999 2 2
100 100 1 2
4 1000000000 1 809590669
999999999 100 2 99
999999999 1000000000 999999998 2
999999999 999999999 3 361042743
1000000000 4 1 2
100 999999999 1 4861357
4 100 2 2
1000000000 1000000000 3 3
2 1000000000 1 999999999
163592637 549432548 2 110629430
999999999 999999999 2 3
4 4 3 1
704993648 595827515 1 3
543383962 764857696 2 41522173
3 1000000000 2 3
999999999 2 999999998 1
1000000000 1000000000 999999999 1
999999999 3 976671636 2
999999999 4 3 1
999999999 3 2 2
100 999999999 99 3
1000000000 100 2 3
4 4 3 3
4 999999999 3 999999998
3 100 2 3
946260157 2 1 1
1000000000 3 1 2
999999999 396025382 2 2
2 1000000000 1 621800414
2 736436882 1 1
100 100 1 3
1000000000 100 3 99
100 999999999 3 2
2 251894516 1 3
999999999 999999999 3 1
999999999 999999999 3 2
1000000000 999999999 3 1
4 999999999 2 999999998
4 3 3 2
992439437 2 2 1
4 4 1 1
4 4 2 1
999999999 1000000000 2 2
999999999 2 2 1
100 2 1 1
999999999 1000000000 3 233117279
3 999999999 1 3
999999999 100 361399062 76
1000000000 1000000000 244626410 3
999999999 306100163 2 1
999999999 2 3 1
406955220 100 2 1
699118378 100 371255050 53
19089712 3 3 1
2 100 1 99
1000000000 999999999 3 3
4 100 2 1
100 1000000000 99 999999999
3 4 1 2
100 100 1 1
755742919 1000000000 2 2
100 100 99 99
3 1000000000 1 859457977
2 4 1 2
1000000000 352351844 795508322 1
2 590064564 1 410727603
4 3 1 2
100 100 2 1
100 4 99 3
4 292678792 1 2
3 999999999 2 217585714
100 999999999 2 2
999999999 1000000000 1 999999999
990898699 2 1 1
1000000000 1000000000 1 1
999999999 1000000000 1 1
4 999999999 3 2
999999999 999999999 999999998 2
3 1000000000 1 2
999999999 100 3 99
1000000000 3 198570665 2
100 1000000000 1 999999999
1000000000 1000000000 3 999999999
999999999 100 1 99
4 4 2 2
999999999 1000000000 2 1
1000000000 999999999 2 999999998
100 999999999 2 999999998
1000000000 999999999 999999999 2
135818523 100 127108945 1
3 3 1 1
3 1000000000 2 1
475576299 79599546 62711377 1
377173489 999999999 3 1
1000000000 1000000000 1 999999999
606735969 100 574575067 9
100 999999999 1 2
1000000000 293794518 859896680 2
160776118 100 1 1
999999999 1000000000 2 3
999999999 1000000000 3 780175482
999999999 100 2 2
4 1000000000 2 999999999
2 999999999 1 3
4 2 3 1
3 131597407 2 130390896
999999999 999999999 2 999999998
999999999 999999999 999999998 999999998
4 999999999 1 999999998
3 1000000000 2 2
1000000000 723284552 647366837 1
3 999999999 2 999999998
4 308024713 3 2
3 999999999 1 419422452
3 100 1 2
245635459 1000000000 2 2
4 100 2 99
4 198068727 2 2
1000000000 4 999999999 3
513324740 2 1 1
713458743 999999999 1 232415301
3 332461468 2 3
4 999999999 2 1
4 999999999 3 1
1000000000 999999999 999999999 3
4 100 1 1
4 2 1 1
100 2 99 1
100 3 2 1
999999999 100 1 3
588778144 302958057 3 3
4 3 2 1
4 4 1 2
999999999 999999999 1 999999998
999999999 1000000000 534911742 345724526
999999999 100 3 3
977912389 734778827 532290378 1
999999999 100 2 3
2 999999999 1 1
4 625855660 3 1
1000000000 4 3 2
3 348674172 2 208198940
3 1000000000 1 3
2 3 1 1
1000000000 100 999999999 99
3 1000000000 1 1
4 1000000000 1 1
4 999999999 1 3
4 2 2 1
630783940 100 3 2
4 100 1 40
999999999 2 1 1
1000000000 100 872721048 64
1000000000 1000000000 999999999 3
3 3 1 2
4 783105139 2 2
100 2 9 1
1000000000 100 1 99
1000000000 3 3 2
100 1000000000 2 2
1000000000 1000000000 2 3
900200350 242692999 164767257 3
999999999 1000000000 1 3
1000000000 999999999 1 999999998
100 4 99 2
999999999 100 1 92
100 999999999 49 1
100 1000000000 3 999999999
3 982500203 1 839934728
999999999 3 999999998 1
903145896 4 200741956 3
1000000000 999999999 2 3
2 475952396 1 3
999999999 1000000000 1 2
3 560442205 2 3
312920545 1000000000 309279031 2
3 100 2 1
999999999 1000000000 3 3
999999999 1000000000 38408940 1
100 999999999 2 3
100 461180180 3 3
1000000000 4 3 3
1000000000 4 999999999 2
3 1000000000 2 999999999
4 1000000000 3 2
568263512 100 2 43
3 999999999 2 2
1000000000 4 3 1
999999999 3 1 1
999999999 100 2 11
100 1000000000 2 3
404696558 1000000000 344580310 355699065
4 1000000000 3 1
4 21218471 2 2
4 3 3 1
2 999999999 1 2
4 100 3 56
1000000000 3 1 1
4 100 3 1
100 102245557 1 1
270079655 4 13920983 1
3 100 1 1
2 611627491 1 2
400638252 4 3 2
100 4 2 2
3 999999999 1 1
999999999 153855548 3 2
4 1000000000 3 999999999
3 999999999 1 2
1000000000 100 999999999 1
100 1000000000 3 881233701
1000000000 4 1 1
999999999 553819129 274277625 13275303
4 1000000000 2 2
4 100 3 3
3 190048202 1 3
3 100 2 99
999999999 4 999999998 3
100 100 99 3
3 525092475 2 3
100 999999999 83 1
100 3 1 1
1000000000 1000000000 1 2
999999999 1000000000 2 999999999
100 100 3 3
3 999999999 1 999999998
251333014 100 1 2
999999999 4 2 2
690839093 999999999 2 3
204388631 3 2 2
999999999 4 999999998 1
100 999999999 3 999999998
3 929445484 2 1
999999999 4 3 3
100 100 1 99
1000000000 999999999 1 1
999999999 1000000000 3 2
999999999 4 627313199 3
999999999 999999999 2 1
1000000000 100 99694839 3
1000000000 1000000000 999999999 999999999
3 999999999 2 478452455
999999999 100 999999998 99
3 4 2 2
1000000000 999999999 1 3
1000000000 1000000000 2 1
2 100 1 3
999999999 4 999999998 2
70829133 100 3 26
100 2 2 1
1000000000 3 999999999 1
1000000000 999999999 2 47219043
999999999 1000000000 141127510 2
999999999 3 2 1
999999999 1000000000 3 999999999
4 999999999 2 3
804684832 197217720 1 153175513
100 4 3 3
3 2 2 1
1000000000 634373833 687984129 3
4 1000000000 1 999999999
1000000000 3 3 1
1000000000 100 2 2
999999999 999999999 1 2
1000000000 1000000000 2 999999999
999999999 489345280 108542079 3
4 4 3 2
1000000000 100 1 3
100 1000000000 3 3
4 999999999 1 2
4 100 2 3
999999999 3 132294377 2
100 3 99 2
999999999 4 2 3
4 1000000000 2 1
3 100 1 3
1000000000 1000000000 999999999 2
207868204 1000000000 2 225202610
2 100 1 1
1000000000 100 2 1
999999999 999999999 1 1
1000000000 999999999 999999999 999999998
999999999 1000000000 999999998 999999999
4 1000000000 1 3
1000000000 100 2 99
999999999 1000000000 488516079 1
2 1000000000 1 3
100 1000000000 99 1
4 867643142 2 2
4 100 1 3
100 3 3 1
100 1000000000 99 2
999999999 3 3 1
1000000000 4 2 1
6565870 999999999 5153895 286487589
1000000000 999999999 2 1
100 999999999 3 3
1000000000 1000000000 2 2
1000000000 2 3 1
100 2 3 1
3 637320062 1 460765579
100 4 2 1
3 750409238 1 2
1000000000 1000000000 1 3
3 2 1 1
999999999 100 1 1
2 4 1 1
1000000000 2 2 1
100 397986566 65 2
100 1000000000 1 3
100 100 70 2
407111787 999999999 158724311 2
4 999999999 1 1
100 4 3 1
1000000000 999999999 2 2
100 100 2 99
1000000000 100 2 27
100 999999999 2 1
1000000000 999999999 90055928 1
4 3 1 1
100 999999999 99 2
3 100 1 64
999999999 999999999 3 999999998
1000000000 889034323 2 585497466
1000000000 1000000000 3 165697225
100 100 99 1
3 3 2 2
1000000000 100 999999999 3
4 999999999 2 2
100 1000000000 1 1
1000000000 100 2 16
3 999999999 2 3
999999999 1000000000 999999998 1
999999999 4 1 1
779009402 100 3 3
999999999 4 1 2
999999999 100 3 89
1000000000 999999999 1 2
205684158 100 1 3
100 1000000000 2 999999999
999999999 100 3 1
100 4 1 1
999999999 4 1 3
671771882 1000000000 458242975 1
598618548 1000000000 1 2
1000000000 4 999999999 1
4 345870621 1 11170728
1000000000 4 2 2
100 4 3 2
100 100 3 48
474573491 100 2 2
100 100 2 2
100 1000000000 99 3
4 40276081 1 3
1000000000 100 3 1
100 100 99 2
999999999 1000000000 3 1
621335426 20082604 2 3
1000000000 1000000000 301408972 2
109588419 516866303 95880941 3
2 1000000000 1 2
4 410312616 3 176330867
100 4 1 3
100 999999999 99 999999998
100 3 1 2
268284003 3 3 1
100 1000000000 3 2
100 100 3 2
427727826 1000000000 3 1
3 999999999 1 701097245
452792670 1000000000 2 115192647
3 100 1 99
1000000000 4 120887411 1
4 1000000000 3 3
4 773392332 2 3
100 999999999 3 1
999999999 100 999999998 1
3 100 2 2
1000000000 445823784 2 2
1000000000 999999999 999999999 1
997867345 170075009 374134420 2
999999999 999999999 3 3
998645846 2 2 1
4 100 1 2
2 100 1 2
3 999999999 2 1
999999999 1000000000 2 724564983
1000000000 100 75322340 3
100 616551719 3 3
365482087 971250614 97597 28576180
999999999 999999999 999999998 3
1000000000 100 1 1
4 4 1 3
588175668 2 2 1
1000000000 100 3 3
