100
9999163
4461643
1403870
5462959
3702389
8291470
2
2360890
3132736
5103067
5
7551991
559513
3855409
2610613
6716541
2872729
6537523
3191803
4461642
13
1862603
3410821
1264969
3023326
9
8
9999162
4461641
592432
7
9999161
6513281
9325574
10000000
4170220
3
9971849
9999999
9999996
9999971
8697851
9999930
4125389
6987083
1281246
9999929
9999972
1481717
4572049
9999991
3949061
9999931
9999973
5001361
9999998
615403
390548
8248729
5331653
4751053
928009
140839
1507483
7762723
3877633
7783893
2295773
12
10
983469
7742461
5094841
2044523
4936439
86293
8873129
7203246
6697461
1144
9999995
4
9987391
1750607
5388168
9010879
3323191
8460583
11
2896297
9682616
3929879
9999997
6
3910981
9309119
8763892
8184167
2196613
1
