1 -40 6 -36 9 -36 12
1 -22 31 -48 6 -35 9
1 3 47 -13 37 -14 36
1 -27 22 -34 19 -49 2
1 -14 37 -31 23 -19 33
1 -3 41 -9 37 -43 8
1 -41 4 -26 18 -26 27
1 -15 32 -48 4 -34 19
1 -31 13 -12 36 -45 8
1 -20 31 -36 16 -22 26
0 -49 -33 13 31 3 15
1 -29 17 -49 0 -19 25
0 30 47 24 39 -29 -18
1 4 49 -47 7 -24 23
0 -29 -15 9 19 -20 -11
1 -24 27 -18 27 -8 42
0 -18 -7 -39 -24 7 24
1 -48 6 -35 15 -21 29
0 -2 16 -12 2 -7 9
1 -39 8 -7 44 -33 14
1 -14554 7703 -70954 -37745 -67790 -41404
1 64304 74992 -32391 -6044 -50769 -21431
1 -82873 -62527 1191 15209 20969 39687
1 -64590 -46642 -44312 -35430 39927 64730
1 17572 45392 -58465 -40033 50024 54676
1 55329 73959 -28594 -6122 -39774 -30981
1 -48243 -11407 -60388 -29948 42664 76585
1 -49516 -22108 7548 35097 45570 81396
1 60517 80339 17903 47822 -19868 10086
1 -45255 -14057 -37766 -19690 -69886 -47765
1 42577 67180 29206 45733 -53491 -26289
1 61656 78238 -20441 3893 -17282 147
1 -45156 -16661 52842 80126 -16395 -10849
1 -63677 -47310 51134 76848 -2679 16743
1 -78978 -59484 -8414 19279 20753 37043
1 -28605 -7068 -39478 -13034 70530 90747
1 -81372 -74851 -6193 17684 -4672 25860
1 2810 15597 53931 73784 29418 38761
1 -26904 -17969 40075 56911 -61751 -56326
1 -85893 -68305 -19959 14460 -48850 -23174
1 -65073 -39293 -45204 -38202 32004 49054
1 49772 58925 14290 21380 -70748 -48271
1 27220 42318 -13331 15099 62077 82135
1 -90093 -79116 -9754 5703 -3666 12489
1 -55900 -52751 -22898 -126 42784 60921
1 27788 32191 53015 70235 29670 33983
1 -26372 -10785 -4720 5264 66881 93253
1 -79365 -56564 40600 47261 -41949 -17802
1 25803 35915 -27769 -154 -70663 -58147
1 -64554 -34744 -6007 9163 46938 62828
1 -79899 -59823 15449 52360 -33587 495
1 23115 48021 -71137 -41438 31280 52874
1 -62262 -50320 -57718 -33905 -52141 -30203
1 -11288 2304 65393 97715 1381 27069
1 65601 69973 17063 52429 -43524 -19182
1 -33732 -6996 12602 28481 61537 88868
1 -46067 -34497 64040 65534 -19393 -15514
1 9444 34789 53920 73588 -62131 -33011
1 53180 73493 -20564 -2557 -75806 -54654
1 -20299 -5649 10211 30461 -75590 -60859
1 63353 84396 31005 36459 -9834 7246
1 -64822 -40169 53405 73269 13550 31532
1 71860 75769 -24903 -8189 12671 40324
1 43952 66246 52118 60421 -30167 -12578
1 -81497 -61731 15093 23514 -37441 -14319
1 -3215 6228 35461 56790 -75653 -56867
1 -5516 12492 18325 29146 71879 78303
1 47780 61410 -59267 -47963 -21932 -5613
1 23545 42471 -73681 -45111 -47128 -26554
1 -61700 -34968 -72927 -41212 20059 40907
1 -36230 -2225 1487 31421 65420 88605
1 -70681 -54245 44187 57623 911 23289
1 -35017 -21814 -29655 -15991 -79371 -65201
1 17141 23126 -19490 -6938 -82931 -69864
1 -7575 1203 55168 68603 42541 59124
1 48083 76732 -45671 -37114 14718 37332
1 47544 66311 -4570 4692 26699 64637
1 -7900 24089 -14457 -1105 -99480 -69604
1 6773 24852 -12208 11481 -92981 -63096
1 27688 43675 -26927 650 -82439 -60108
1 15890 34349 49622 83458 -39475 -26104
1 40648 63073 -38377 -10801 -56477 -29236
1 -29132 -707 -75849 -58924 -29220 -20154
1 -94600 -73878 6406 23453 -523 7460
1 30376 63434 -83205 -64153 -11007 8762
1 31187 55264 55446 63719 16127 42697
1 16545 40502 -88358 -60828 -35299 -12297
1 -26254 -2846 7958 14733 76479 85066
1 12217 32349 45255 59441 54937 76430
1 -43143 -29928 4200 27693 51509 80477
1 -23575 6952 26153 35668 -86443 -56300
1 72528 87807 11175 20418 -42647 -5687
1 69321 87698 6913 24796 -41924 -14628
1 -57819 -41704 -49696 -35552 -58951 -40684
1 -34262 -17165 68477 80263 -11271 16230
1 -41041 -18440 21894 30949 -86109 -55938
1 33011 53051 -14815 -464 -74927 -69841
1 -36831 -24451 -37730 -7789 -72307 -59262
1 67154 79964 36813 47407 -14931 -10102
1 68674 91963 19549 42038 5142 13278
1 42354 71474 42521 57526 2148 11996
1 -37076 -18002 -78540 -70440 -32066 -3769
1 -42477 -20709 -62749 -26758 -64875 -42476
1 62063 76540 7262 35437 24385 36901
1 -11345 15421 -21143 -15098 -82795 -75497
1 -76859 -59506 -38075 -7957 -28734 -2341
1 69243 83396 -22987 -7823 -12275 2093
1 -8964 3194 42376 50062 59321 64359
1 27191 50143 54115 75001 23605 33808
1 -72250 -52118 -11170 10630 -70749 -54249
1 71975 85564 7758 36930 3817 18083
1 -27708 -5035 -80361 -63916 -43614 -39758
1 -4072 11271 59866 78877 -45534 -15703
1 62564 84599 -31536 -664 1860 5849
1 -36383 -14347 52309 80169 -62931 -36482
1 16203 42069 -76303 -69960 -2319 17794
1 28686 43225 -65066 -55978 -62108 -40444
1 -37014 -6337 29818 37351 -86856 -58257
1 16003 37013 -19831 -1951 71024 92200
1 5619 15323 -57281 -40291 -78359 -64717
1 34992 51303 -6043 12270 63146 67594
1 -45336 -25300 -83698 -60383 -36140 -23363
1 -12853 -3497 -40376 -13079 62115 75589
1 41579 58128 -77259 -58100 -3115 23869
1 -88522 -68205 -6073 1419 -32244 -17945
1 -60717 -35861 -70845 -38180 34426 51633
1 -48595 -10855 -2641 23236 57745 84546
1 71615 93607 -40176 -12807 -20257 -132
1 -17800 -2094 -78152 -67668 -45067 -31822
1 72146 89988 14287 27403 4253 32143
1 -21861 -879 53296 73285 -58788 -37690
1 -62314 -37966 2305 26172 44542 67406
1 34479 47684 -89730 -69367 -7343 23484
1 34204 61582 15273 41611 40782 71788
1 -50109 -25378 65737 89305 -28099 -4040
1 -86573 -60158 -36893 -24460 -41832 -14140
1 -61388 -57088 -50246 -29918 22863 44207
1 -42095 -23949 -61895 -40978 -53693 -36342
1 38755 70217 44846 69449 -8270 19510
1 -54462 -45475 -21889 1027 46710 67913
1 -35965 -9379 23900 43968 -67814 -53967
1 40598 52859 -32751 -19014 53308 69156
1 13748 35363 -68739 -61955 26867 35882
1 -78192 -62661 -7187 19463 -33053 -18323
1 -90939 -54129 -24574 -6622 -46788 -29216
1 -53416 -40298 8161 41173 -61838 -45021
1 13792 25468 -75965 -69496 16078 29403
1 -18830 10792 40056 61582 -70165 -55672
1 -78915 -69406 -2525 25838 6097 27230
1 -22735 -12196 -83223 -61242 23069 46907
1 66842 76222 3331 29149 14166 38693
1 29932 53168 -83793 -55837 -31553 -777
1 17665 40087 -74211 -59232 -27810 -21954
1 -36877 -9437 -89529 -67851 16455 31720
1 -10612 14744 3594 24632 61740 79182
1 -90052 -73336 -26602 -10938 -21706 4919
1 42103 52384 -70730 -42235 -52403 -19440
1 20012 29018 -1723 34049 61689 76126
1 -71592 -49786 3275 28680 50863 65704
1 -1296 9782 17110 37096 62000 86973
1 33915 56721 -23747 -12267 47685 74180
1 61368 73441 -51874 -36621 4275 14111
1 9745 26869 72736 81824 16438 25718
1 35530 67023 -30799 -20907 46381 62365
1 -33503 -21735 -24021 -17334 -87079 -58976
1 21941 40064 -39454 -16743 -92539 -68800
1 -41077 -32935 -88642 -55682 3185 11730
1 -72850 -49627 46224 51451 -16354 -13438
1 -16284 -13435 -30175 -17591 -94680 -66519
1 14009 40598 67089 86047 -14574 16253
1 -4991 23427 49316 69108 39125 64715
1 -76779 -58864 -31075 -5819 25613 33031
1 9761 25239 56938 80394 -54634 -44586
1 -27511 -16947 -29810 -21472 66278 91556
1 -81102 -76855 -4170 14289 -16016 -3053
1 -86721 -73657 -5304 22436 21178 35508
1 -74219 -45064 36749 71862 -39274 -10808
1 -89087 -75547 -18669 6613 12131 29560
1 -71746 -66313 -47090 -21274 4694 25044
1 -84353 -62028 8308 25928 -12747 2483
1 -36526 -20360 36696 52972 -65568 -62164
1 51113 80037 -16773 5073 27997 47701
1 20371 35536 55257 58334 45407 63406
1 -53069 -34978 20814 47634 43466 74752
1 -33579 -12799 -84205 -59525 -54239 -28471
1 1682 22278 -62854 -48451 49154 70980
1 9214 24260 5956 32940 64718 87566
1 -54733 -29699 53445 78308 19166 35101
1 -8990 -2668 50307 60523 -70013 -49588
1 -16982 7778 -21146 -9228 -83172 -68180
1 30850 57908 -13623 4942 -72704 -62759
1 -36852 -10555 -45901 -26889 45349 80743
1 -48800 -21456 69103 90644 -9568 10866
1 -79245 -64537 40609 44978 -27951 -2721
1 -68974 -56020 1135 25720 42817 50004
1 61142 81802 37537 43153 -1795 28675
1 49336 59811 48693 68788 -49026 -31433
1 38669 44767 -73713 -42464 17933 54449
1 -197 28897 -92189 -75301 -20283 14739
1 23749 35497 54847 66330 -52509 -37084
1 59400 78959 -2232 15755 -20933 -14684
1 -14817 9825 -14017 17609 60529 83103
1 6214 26013 62767 88299 -14959 15518
1 26440 55261 -9063 17194 57509 74845
1 -7714 2357 -52933 -30623 -69783 -48423
1 67191 82982 -11749 1330 -42219 -14565
1 -90656 -65288 15446 44057 20610 34783
1 -39488 -19593 -22524 2304 71235 85929
1 30252 58285 48624 73317 2574 34056
1 1682 16534 -69537 -47446 47073 64729
1 23185 31892 -71218 -34646 44791 67531
1 26124 41385 66591 86632 -31169 3247
1 -63393 -45801 -20819 -4611 -66925 -61794
1 45927 66229 -29014 -13604 40887 59954
1 8526 25526 -83862 -51137 -50530 -25005
1 -1683 22347 62197 88534 -11990 17196
1 53296 86608 13621 41230 24280 35460
1 -6756 21253 -18681 -8195 -79262 -70934
1 -76370 -54654 31123 39863 3950 8648
1 13432 35387 -52573 -38675 -80502 -47884
0 15596 36918 -80485 -64676 -28293 -13293
1 -13294 -7490 -81918 -51941 -54748 -35937
0 -76492 -60952 -12796 6875 -63105 -32723
1 21203 39975 -59844 -45775 33572 55180
1 6201 33254 -56542 -32632 59901 78969
0 29246 59090 51430 85213 8437 29217
0 -57733 -50630 -60961 -32427 -47639 -40667
0 51973 67780 -36178 -15011 -66306 -39130
0 61735 96246 13333 37868 -16626 18479
1 -55704 -42791 42718 61893 -28554 -8108
0 -16491 5451 69131 95089 -15918 13048
0 22244 40473 -78744 -65682 -3529 9474
0 14054 32484 -16794 13867 -93421 -65767
1 51785 79825 25693 55018 -32409 -12606
0 48906 67511 -51065 -25425 -43331 -21014
0 -12811 11922 -26811 1291 64833 98135
0 25434 37288 30964 54499 -59386 -49541
0 -7859 13597 -88010 -60283 -52223 -37628
1 -892 9145 53977 86063 31029 46470
1 2408 14274 -62935 -50832 47880 56096
0 -32346 -12578 18686 43675 62332 83097
0 -62356 -42448 -52023 -33100 -30501 -21092
0 -24690 -2664 -46020 -18863 -86045 -56934
1 39729 49357 51338 58050 20405 35975
1 -875 26214 -26430 -1346 -81571 -60069
0 44353 73875 26803 45992 -42677 -26918
0 -88292 -76092 -32303 -11578 2114 27886
1 33486 39240 -78105 -67279 8959 31300
1 -44670 -11965 51693 69078 -58566 -35373
1 72036 96765 6802 29704 -2451 24324
1 -9507 -1803 -44982 -39650 61178 69770
1 45944 64344 -17842 2596 53228 68121
0 41081 62590 -69471 -55985 -5799 9542
1 -41652 -15011 -71393 -39089 41747 73989
0 -83628 -55656 -42957 -17847 -37667 -33081
1 27976 57106 -87757 -56282 -24140 -1180
0 -12117 3267 -48303 -29709 -78491 -62723
1 33561 45147 -71463 -61868 5190 29888
1 53381 60003 -58844 -47315 -5132 27927
1 -20164 -8637 -81953 -59149 20935 52198
0 -23677 -8957 -50349 -33200 -70820 -56013
1 -81468 -63529 -12068 15246 21180 39015
0 70098 84531 16671 50660 -12186 7628
0 -59284 -46051 -58147 -43770 21149 38978
1 -54692 -45192 27684 40557 45205 57480
0 10381 38523 70535 85421 5588 32980
0 -23133 -8411 -20385 17395 -87325 -63390
1 32500 46056 11123 21169 50554 73024
1 5998 18206 63480 82503 -43840 -28976
0 57734 83571 -18076 -1285 4533 22585
1 -17360 11715 -74509 -61548 -52201 -17498
1 28571 55492 -65885 -60074 17951 47571
0 65003 80169 -17482 -2961 -54748 -25469
0 -61388 -38464 -58080 -20058 39765 69207
0 -78484 -51692 -59282 -21070 -41374 -26282
1 10206 33450 -44772 -17025 54365 78987
0 -78154 -60033 -1785 20865 10231 40105
1 -79456 -65334 -37189 -17260 6581 18000
1 32341 57251 -73105 -64291 -20462 9460
1 39459 68002 21059 40913 44678 55061
1 -69265 -48468 -29269 3018 -76606 -44689
1 -81011 -69070 -17280 276 -24280 -3587
1 57363 83971 -2457 13381 -31841 -17161
0 -78199 -44855 -67353 -31939 16901 28313
1 -55508 -40095 33663 48382 -59257 -25234
0 24181 55376 -58201 -42518 47934 52025
0 -24775 -5133 67423 97790 12365 17177
1 29942 52066 48843 79916 -18610 9942
0 -30712 248 -85690 -63054 -50612 -22458
0 -65551 -40912 -44563 -33396 -54958 -35150
0 70184 93997 -20277 -2499 -22484 5914
1 -67404 -57290 34207 60178 -21795 -6190
0 47708 66840 -51166 -23958 22404 43916
0 29730 55689 -19938 -1112 46267 68753
0 66899 86350 -38116 -2871 25262 42944
1 1498 20651 -23209 -6306 75419 92178
1 -23392 -2005 -17240 -3539 -95810 -66076
1 -74259 -57034 -5326 9022 -65059 -49705
1 15060 33067 10898 43193 -75207 -63400
1 -87855 -61706 10092 24855 -16895 3891
0 -71101 -42566 -22801 -9958 -60985 -39824
1 -72756 -57828 21834 43862 -35030 -7729
1 -43925 -15017 -43364 -16735 -78479 -53944
0 -72210 -54245 -44153 -17761 36718 56261
0 -64937 -55465 -10128 -404 38936 52306
1 -38226 -1653 19480 43093 68158 74941
1 46123 67965 -47961 -43221 21737 43071
0 23459 41227 -78928 -56403 19645 55057
1 -5035 29360 -70852 -55022 27496 46133
0 439 15806 -6028 24509 78547 89000
1 -60357 -39998 -66945 -55021 -42085 -28687
0 -12870 4103 13747 43629 57610 94599
1 -7308 17479 -89968 -78940 -3036 3720
0 -19657 16941 60532 80328 -28128 -15142
1 65177 77779 22823 51643 1789 27611
1 39336 53467 28314 57122 44099 66065
0 13492 18593 -58369 -37409 -82308 -51331
0 -39399 -15687 -43330 -30588 -72472 -55329
0 41811 59704 -11761 1774 -74186 -53155
0 56185 66783 -52982 -36681 24444 53974
1 -38161 -7412 37583 57107 44716 75501
1 -7376 8395 55791 74484 50061 58185
1 -29226 -9029 55929 81562 -35086 -8467
1 -93719 -68711 -27805 -6319 -28515 8049
0 -52200 -38490 -59050 -41067 13422 40989
0 11754 19258 55259 86293 -51552 -20462
0 73214 93421 -10251 7408 19860 25601
0 -26759 -9687 67945 90849 -8190 9400
0 -33747 -24328 -19535 -4020 65813 91727
1 -64331 -42433 10614 31241 -57751 -43467
1 -81560 -75473 10003 30028 -8620 6845
1 -13289 -4979 55585 73572 -47238 -33668
1 -61744 -36811 52144 77471 20428 29418
1 -66737 -42166 -72408 -58794 -20945 -6098
1 35277 69936 34949 68437 -43832 -23520
0 -6256 11542 -85169 -70887 9050 33697
1 -88903 -70006 -18868 12146 -50613 -28327
0 30787 49406 -16941 3462 -76421 -63104
1 -26575 -15374 22206 36327 -85818 -50522
1 -52146 -43067 47434 68310 32225 38540
1 29022 51537 -47117 -23929 -70560 -58409
1 58293 69285 30095 51863 28601 41893
1 -3778 27823 -81633 -62672 -39976 -9094
1 -74872 -70071 12771 29602 -36288 -23173
1 -93504 -71531 5204 15984 253 23446
1 8665 24048 -79591 -59086 -13537 11945
1 -43786 -16414 3338 26983 54742 89925
0 -38400 -16225 62966 78903 28098 43659
1 10322 34494 -86015 -70574 -39996 -23107
1 6031 22970 -16141 -10031 -85560 -62976
0 24614 48988 12206 33913 56906 78197
1 -13699 7745 30512 40486 -86073 -52478
1 -28579 -4629 39677 75229 -66977 -40467
1 34459 49449 31742 50967 57091 70547
1 38167 55235 -73141 -59072 -30178 3315
1 38913 71788 -15715 10590 39933 70694
1 44034 67659 37226 73521 3817 33368
1 13412 33561 -14966 -1102 57993 93085
1 -25443 -860 62978 80282 -40011 -28699
0 8783 26658 71467 91516 -37623 -5452
1 56807 76236 3905 24446 -58428 -33220
0 366 16562 -27640 -4809 -76366 -63637
1 5480 32995 69132 81154 -45580 -26048
1 -1105 7159 -20481 528 66525 89807
0 -51031 -23870 -81782 -66374 -21030 16232
0 -80819 -60641 29348 54637 2232 26926
0 66279 72392 -43462 -19043 -15660 7107
1 23060 46909 36440 71456 -55022 -31831
1 -67402 -52992 -47050 -39619 2473 36793
1 31726 47664 -24547 13326 63189 81946
1 -92328 -62932 -17609 -12133 -47318 -13965
1 -70963 -56582 4544 20572 46417 53653
0 47547 63694 45950 60107 -27296 6039
0 -40934 -18968 61053 87179 22823 27083
0 30282 51082 31442 49838 -55718 -36744
1 -25214 -4599 47738 69355 -65630 -46363
0 75292 91452 -18804 18766 -24515 -10846
1 9167 28915 47629 62510 38837 59470
1 58383 90590 -22572 -11614 10520 36413
0 -16149 -6284 56035 86606 20683 32768
1 62512 83708 -11134 6970 -42657 -24017
1 -75688 -62163 -37569 -5518 -47608 -30939
1 -28121 -3315 71538 82575 -31065 -13873
1 13895 23990 -86551 -52831 -33986 -21703
1 12608 33104 -39320 -9785 64255 72482
0 -8313 3981 58404 75711 26772 43055
0 -22144 1228 68793 80544 -46314 -27381
1 31797 54517 49183 68132 -43576 -17556
1 10399 36241 -49331 -16859 -76288 -56550
0 -9422 10676 -83320 -69960 7108 34015
0 -69232 -42738 -52900 -21272 -60511 -45146
1 22343 36682 57832 84575 -24988 -9119
0 9403 47198 21928 32892 58932 79496
0 -61845 -40929 -31943 -25331 -65036 -40547
1 65715 74211 11126 15497 20894 36439
1 -79277 -65290 26779 43313 -13798 -272
1 -67988 -49856 -39915 -33237 16824 32631
0 -55918 -41049 -64410 -35985 32255 59025
1 -73665 -60527 10650 31547 18119 51966
0 -39232 -2879 16033 27106 -76257 -71549
0 8653 14056 -55282 -25507 55786 83425
1 33763 41362 -28409 713 -76356 -66824
1 -37015 -27163 -22506 -175 -85447 -68885
1 -67936 -43174 38167 57521 -35491 -11109
1 -91092 -62871 -41890 -15387 -27594 1123
0 52833 71352 -16352 -6630 28114 59205
0 -27083 6542 2222 21557 -92789 -70928
0 55592 77390 -27549 -22463 11073 27726
1 -6493 3949 47168 66220 -57374 -44399
1 -8997 11697 -30813 -22513 58548 89482
0 -3907 16937 -23604 -13955 -77066 -62681
0 75979 92625 -23993 4530 -31405 3963
1 -78709 -57710 27902 47002 -12567 -938
0 64912 82029 -34171 4740 -13321 12350
1 -1130 25431 -78726 -56901 -51242 -45794
0 -19991 -2579 -45279 -40107 -83881 -55432
0 -98841 -72818 -15712 11062 -16239 -1829
1 -35354 -14525 68838 85694 -26515 -13661
0 -80436 -61651 3782 34676 22972 34418
0 -62269 -36063 -15314 13681 65100 77713
