100
565 89
964 38
930 46
865 23
2 50
452 71
758 85
30 46
2 96
865 5
906 56
79 65
132 90
373 46
295 30
918 38
270 26
2 95
264 31
537 11
124 68
915 30
728 33
633 94
1000 95
226 22
508 54
885 57
808 71
551 71
1000 2
2 1
2 4
823 3
362 76
439 40
1000 5
824 54
1000 97
2 36
2 2
29 97
443 91
2 98
871 75
355 11
924 39
2 3
2 97
289 48
125 51
755 11
424 35
555 27
793 69
24 85
484 74
446 2
500 44
398 61
109 76
1000 3
319 10
440 28
3 10
950 95
462 18
958 86
642 34
279 28
108 30
387 98
81 39
635 54
838 46
875 93
289 65
712 1
95 37
835 62
1000 99
120 75
140 74
1000 98
494 92
13 37
397 40
204 41
2 5
2 99
492 12
451 5
656 95
1000 96
1000 1
317 36
1000 4
40 62
894 97
582 60
